0 81 178
0 83 178
0 85 178
0 87 178
0 89 178
0 91 178
0 93 178
0 95 178
0 97 178
0 99 178
0 101 178
0 103 178
0 105 178
0 107 178
0 109 178
0 111 178
0 113 178
0 115 178
0 117 178
0 118 178
0 120 178
0 122 178
0 124 178
0 126 178
0 128 178
0 130 178
0 132 178
0 134 178
0 136 178
0 138 178
0 140 178
0 142 178
0 144 178
0 146 178
0 148 178
0 150 178
0 152 178
0 154 178
0 156 178
0 157 178
0 159 178
0 161 178
0 163 178
0 165 178
3 165 176
6 165 174
9 165 172
12 165 170
15 165 168
18 165 165
21 165 163
24 165 161
27 165 159
30 165 157
33 165 155
36 165 153
39 165 151
42 165 149
45 165 147
48 165 144
51 165 142
54 165 140
57 165 138
60 165 136
63 165 134
66 165 132
69 165 130
72 165 128
75 165 126
78 165 123
81 165 121
84 165 119
87 165 117
90 165 115
93 165 113
96 165 111
99 165 109
102 165 107
105 165 105
108 165 102
111 165 100
114 165 98
117 165 96
120 165 94
123 165 92
126 165 90
129 165 88
132 165 86
135 165 84
138 165 81
141 165 79
144 165 77
147 165 75
150 165 73
153 165 71
156 165 69
159 165 67
162 165 65
165 165 63
168 165 60
171 165 58
174 165 56
177 165 54
180 165 52
183 165 50
186 165 48
189 165 46
192 165 44
195 165 42
198 165 39
201 165 37
204 165 35
207 165 33
210 165 31
213 165 29
216 165 27
219 165 25
222 165 23
225 165 21
228 165 18
231 165 16
234 165 14
237 165 12
240 165 10
243 165 8
246 165 6
249 165 4
252 165 2
255 165 0
255 163 0
255 161 0
255 159 0
255 157 0
255 156 0
255 154 0
255 152 0
255 150 0
255 148 0
255 146 0
255 144 0
255 142 0
255 140 0
255 138 0
255 136 0
255 134 0
255 132 0
255 130 0
255 128 0
255 126 0
255 124 0
255 122 0
255 120 0
255 118 0
255 117 0
255 115 0
255 113 0
255 111 0
255 109 0
255 107 0
255 105 0
255 103 0
255 101 0
255 99 0
255 97 0
255 95 0
255 93 0
255 91 0
255 89 0
255 87 0
255 85 0
255 83 0
255 81 0
255 79 0
255 78 0
255 76 0
255 74 0
255 72 0
255 70 0
255 68 0
255 66 0
255 64 0
255 62 0
255 60 0
255 58 0
255 56 0
255 54 0
255 52 0
255 50 0
255 48 0
255 46 0
255 44 0
255 42 0
255 40 0
255 39 0
255 37 0
255 35 0
255 33 0
255 31 0
255 29 0
255 27 0
255 25 0
255 23 0
255 21 0
255 19 0
255 17 0
255 15 0
255 13 0
255 11 0
255 9 0
255 7 0
255 5 0
255 3 0
255 1 0
255 0 0
252 0 0
249 0 0
246 0 0
243 0 0
240 0 0
237 0 0
234 0 0
231 0 0
228 0 0
225 0 0
222 0 0
219 0 0
216 0 0
213 0 0
210 0 0
207 0 0
204 0 0
201 0 0
198 0 0
195 0 0
192 0 0
189 0 0
186 0 0
183 0 0
180 0 0
177 0 0
174 0 0
171 0 0
168 0 0
165 0 0
162 0 0
159 0 0
156 0 0
153 0 0
150 0 0
147 0 0
144 0 0
141 0 0
138 0 0
135 0 0
132 0 0
129 0 0
